  230.9	  210.1	0.93	TEMENOS
  273.5	 1130.0	0.86	3October2025
  292.7	 1154.7	0.98	14:44:45
  325.1	  125.8	0.96	Account Statement
  343.1	   91.5	0.96	Account:
  343.1	  207.7	0.95	2000870237
  340.1	 1139.6	0.94	12
  361.7	   96.3	0.95	Customer:
  361.1	  199.9	0.98	162437
  358.1	  340.1	0.95	YASER SHABBIR
  381.5	   93.9	0.85	Currwncy:
  379.1	  191.4	0.84	USD
  403.7	   96.9	0.93	Book Date
  403.7	  257.7	0.84	Raference
  402.5	  412.4	0.85	Descript
  401.9	  579.7	0.83	Value Datn
  402.5	  723.0	0.88	Debit
  401.9	  887.4	0.82	Credl
  401.3	 1087.9	0.90	Closing Balanca
  439.1	  293.8	0.87	Balance at Period Sts
  437.3	 1062.6	0.85	25,005.2
  459.4	  225.8	0.54	n
  485.2	   96.9	0.87	26NOV13
  484.6	  270.9	1.00	FT1333056500
  484.0	  499.1	0.76	InrBranchSettleme26 NOV13
  485.2	  894.6	0.96	5,670.00
  484.0	 1062.0	0.87	33,875.#2
  503.8	  388.3	0.75	nt
  530.2	  446.7	0.98	IFTTTRFTOYSIR
  558.4	   97.5	0.97	19DEC13
  557.8	  271.5	0.94	FT1335360556
  558.4	  409.4	0.92	Transter
  558.4	  580.3	0.95	190EC13
  558.4	  734.5	0.97	25,000.00
  552.4	  935.5	0.79	156.30.
  557.2	 1057.8	0.79	8,875.82
  585.4	  432.9	0.92	CONVINPKR
  614.2	   97.5	0.97	23DEC13
  613.6	  289.0	0.94	FT1335715742UB98
  613.0	  410.0	0.66	ajsuei
  614.2	  579.1	0.93	23DEC13
  613.6	  894.0	0.93	6,250.00
  612.4	 1062.6	0.93	15,125.82
  640.0	   95.7	0.93	20JAN14
  641.2	  288.4	0.94	FT14020018041B98
  641.2	  576.7	0.89	20JAN14
  641.2	  894.0	0.93	6.250.00
  641.2	 1062.6	0.91	21,375.82
  668.8	   95.7	0.97	24FEB14
  668.8	  272.1	0.98	FT1405593182
  666.4	  452.7	0.90	InterBranch Seeme
  668.2	  569.5	0.96	24FEB14
  668.8	  894.0	0.98	6,250.00
  667.6	 1063.2	0.91	27.625.82
  687.4	  388.3	0.83	nt
  713.8	  408.2	0.97	IWFTT
  741.4	   98.1	0.98	20MAR14
  742.0	  288.4	0.94	FT14079736721B98
  741.4	  409.4	0.89	Transfer
  740.2	  579.7	0.98	20MAR14
  742.0	  893.4	0.97	6,450.00
  741.4	 1063.2	0.91	34,075.82
  768.9	   96.9	0.95	23APR14
  768.9	  288.4	0.96	FT1411306034B98
  768.3	  578.5	0.99	23APR14
  769.5	  894.6	0.89	6,450.00
  769.5	 1063.2	0.94	40,525.82
  796.5	   97.5	0.99	21MAY14
  796.5	  272.1	1.00	FT1414115071
  794.7	  497.9	0.90	InterBranchSeieme21 MAY14
  797.1	  894.0	0.97	6,450.00
  797.1	 1063.2	0.88	46,975.82
  815.7	  388.3	0.69	nt
  840.3	  450.3	0.95	TRSTO CUSTMRA
  860.7	  387.1	0.63	C
  888.3	   96.9	0.92	19JUN14
  888.3	  289.0	0.91	FT14170341981808
  888.3	  409.4	0.89	Transfer
  887.1	  578.5	0.97	19JUN14
  889.5	  894.6	0.92	6,450.00
  890.1	 1063.8	0.85	53,425.82
  916.5	   95.1	0.94	17JUL14
  915.9	  288.4	0.93	FT14198761901898
  916.5	  409.4	0.97	Transfer
  916.5	  577.3	0.97	17JUL14
  917.1	  895.2	0.89	6,450.00
  917.7	 1064.4	0.90	59,675.02
  944.1	   94.5	0.89	23JUL14
  943.5	  287.8	0.95	FT14204490901L77
  943.5	  439.5	0.92	Account Transfer
  943.5	  576.1	0.81	23JUL14
  944.7	  732.7	0.88	3,000,00
  945.9	 1064.4	0.88	56.875.82
  970.5	  420.8	0.99	CASHPAY
  998.7	   98.1	0.98	11AUG14
  998.1	  286.6	0.94	FT1422308950L77
  998.1	  498.5	0.82	Interranch Settem11 AUG14
  999.3	  732.7	0.95	3,000.00
 1001.1	 1064.4	0.86	53.875.62
 1073.0	   96.9	0.98	21AUG14
 1072.4	  287.8	0.95	FT1423392748898
 1073.6	  579.7	0.99	21AUG14
 1075.4	  895.2	0.97	6,450.00
 1075.4	 1063.8	0.89	60,325.82
 1100.0	   13.8	0.95	12
 1101.8	   98.1	0.99	25AUG14
 1101.2	  286.6	0.99	FT1423729078L77
 1101.2	  499.1	0.87	InterBranch Seteme 25AUG14
 1103.0	  736.9	0.96	27,290.00
 1104.2	 1063.8	0.93	33.035.82
 1121.6	  387.7	0.84	nt
 1148.0	  440.1	1.00	TRF2000870237
 1176.2	   95.7	0.93	05SEP14
 1175.0	  287.2	0.98	FT1424856054L77
 1175.6	  497.3	0.86	InterBranch Settlem 05 SEP 14
 1177.4	  895.8	0.92	7,800.00
 1178.6	 1065.0	0.90	40,835.82
 1221.8	  438.3	0.95	CASH DEPOSIT
 1251.8	   95.7	0.98	22SEP14
 1250.0	  287.8	0.96	FT1426577217895
 1250.6	  409.4	0.94	Transfer
 1251.2	  578.5	0.99	22SEP14
 1253.0	  896.4	0.96	6,450.00
 1254.8	 1065.6	0.88	47.265.82
 1279.4	   95.7	0.91	23OCT14
 1277.6	  287.8	0.97	FT1429624067898
 1278.2	  409.4	0.93	Transfer
 1278.2	  579.1	0.92	23OCT14
 1281.2	  896.4	0.98	6,450.00
 1283.0	 1065.6	0.95	53,735.82
 1307.0	   95.7	0.97	24NOV14
 1306.4	  287.8	0.96	FT1432896727B98
 1307.0	  408.8	0.86	Transter
 1306.4	  579.7	0.96	24NOV14
 1309.4	  896.4	0.97	6,533.93
 1310.6	 1065.6	0.92	60,269.75
 1334.6	   96.9	0.97	11DEC14
 1332.8	  286.6	0.96	FT1434557056K09
 1334.0	  440.1	0.90	AccountTranafer
 1335.2	  581.0	0.99	11DEC14
 1337.0	  738.7	0.98	12,000.00
 1339.3	 1065.6	0.84	48,209.75
 1362.1	  450.9	0.95	CASHWITHDRAWL
 1392.1	   96.3	0.99	26DEC14
 1390.3	  287.8	0.92	FT1436064014B08
 1392.1	  579.7	0.95	26DEC14
 1393.3	  897.0	0.96	6,425.47
 1395.7	 1066.2	0.93	54,605.22
 1420.9	   94.5	0.85	06JAN15
 1419.1	  271.5	0.99	TT1500601200
 1420.3	  439.5	0.89	Cash Withdrawal
 1420.9	  579.1	0.97	06JAN15
 1420.3	  735.1	0.91	3,100.00
 1423.3	 1066.2	0.94	51,505.22
 1447.3	  411.2	0.80	7108810
 1476.1	   93.3	0.70	06J15
 1475.5	  287.2	0.96	FT1500627028L77
 1476.1	  579.1	0.79	06JAN15
 1477.3	  734.5	0.92	5,000.00
 1479.1	 1066.8	0.89	45.605.22
 1504.3	  414.2	0.96	TRFPKR
 1533.1	   95.1	0.83	14JAN15
 1532.5	  286.0	1.00	FT1501415713L77
 1533.1	  438.9	0.91	Account Tranafer
 1534.3	  579.7	0.85	14JA15
 1534.3	  727.8	0.98	450.00
 1536.1	 1066.8	0.93	45,155.22
 1561.3	  421.4	0.96	CASHPAID
 1590.1	  408.2	0.90	Transter
 1590.1	  579.1	0.97	19JAN15
 1589.5	   95.1	0.92	1015
 1589.5	  287.2	0.83	FT1501901609D98
 1592.5	  897.6	0.87	0,430.56
 1593.7	 1066.2	0.89	51,56.00
 1618.9	   95.7	0.97	13FEB15
 1618.3	  286.0	0.99	FT1504472050L77
 1620.1	  438.9	0.98	AccountTransfer
 1620.1	  579.7	0.93	13FEB15
 1620.1	  734.5	0.96	2,150.00
 1621.9	 1066.8	0.81	49,436.00
 1646.4	  414.8	0.70	inoosn
 1674.6	   95.7	0.94	10FEB15
 1674.6	  287.2	0.87	FT1605057161600
 1674.0	  408.2	0.77	Trarstee
 1675.2	  579.1	0.87	ćĄĽFEB15
 1677.0	  898.2	0.81	6.386.43
 1677.6	 1067.4	0.90	55,822.51
 1703.4	   95.7	0.89	19FED15
 1702.8	  286.0	0.96	FT1505037303L77
 1703.4	  438.3	0.88	Account Transler
 1702.8	  579.1	0.87	10FEB15
 1704.6	  735.1	0.96	3,15000
 1705.8	 1066.8	0.95	52.672.51
 1731.0	  418.4	0.97	FUNDTRF
 1759.8	   96.9	0.92	0MAR15
 1759.2	  286.0	0.94	FT1506290852K04
 1759.2	  437.7	0.83	Accont Transfar
 1759.8	  580.3	0.93	3MAR15
 1761.6	  734.5	0.92	5,000.00
 1761.6	 1068.0	0.92	47,672.51
 1789.2	   97.5	0.88	17MAR15
 1787.4	  284.8	0.96	FT1507691890L77
 1787.4	  439.5	0.92	Account Transler
 1789.2	  581.0	0.93	17MAR15
 1788.6	  739.3	0.97	10,000.00
 1790.4	 1068.0	0.91	37,572.51
 1814.4	  421.4	0.95	CASHPAID
 1844.4	   96.9	0.97	20MAR15
 1843.8	  286.6	0.92	FT1507907512B96
 1843.8	  407.6	0.84	Tronsfec
 1844.4	  580.3	0.98	20MAR15
 1845.6	  898.2	0.87	6,410.18
 1846.8	 1068.0	0.97	44,082.69
 1873.2	   95.7	0.96	01APR15
 1871.4	  285.4	0.99	FT1509102334L77
 1871.4	  579.7	0.87	C1APR15
 1872.6	  738.7	0.93	20,000.00
 1874.4	 1068.0	0.88	24,082.09
 1899.0	  421.4	0.95	CASHPAID
 1929.6	   95.7	0.97	24APR15
 1927.8	  287.8	0.93	FT15114200221000
 1928.4	  408.2	0.92	Transler
 1928.4	  580.3	0.96	24APR15
 1929.6	 1068.0	0.90	31,379.90
 1957.1	   96.9	0.94	29MAY15
 1955.3	  287.2	0.88	FT15149667251896
 1954.7	  408.8	0.83	Transler
 1955.9	  581.0	0.96	20MAY15
 1957.1	  896.4	0.95	6,422.37
 1957.1	 1067.4	0.96	37,802.35
 2012.9	 1149.3	0.75	Page1d4
