  182.3	  233.0	0.89	YEMENOS
  216.5	 1143.2	0.70	3October2025
  236.3	 1167.9	0.73	14:44:45
  278.9	  466.0	0.78	Incid Chgt12016
  307.1	  118.0	0.88	22DCC16
  305.9	  295.6	0.97	FT1635746854
  307.1	  525.0	0.94	SERVCECHARGES 22DEC16
  307.1	  742.3	0.96	0.00
  299.3	 1069.2	0.78	16954
  335.3	  453.9	0.84	FEDInc.Chgs
  362.9	  115.0	0.85	27JN17
  361.1	  294.4	0.90	F11702779262
  362.9	  523.2	0.93	SERVCECHARGES 2T JAN17
  362.9	  743.5	0.98	0.40
  356.3	 1070.4	0.88	160.18
  391.1	  467.2	0.86	Inod Chg122016
  418.1	  115.6	0.90	27 JAN17
  417.5	  295.6	0.98	FT1702730201
  418.1	  523.2	0.90	SERVCE CHARGES 27JAN17
  419.3	  743.5	0.94	0.00
  413.3	 1070.4	0.88	180.10
  445.7	  454.5	0.88	FEDrc.Chgs
  473.8	  115.6	0.85	27FEB17
  473.8	  295.0	0.96	FT1705813601
  475.0	  524.4	0.95	SERVICECHARGE5 27FEB17
  474.4	  743.5	0.97	0.40
  470.2	 1071.0	0.97	179.70
  502.0	  466.6	0.93	tncid.Chg012017
  529.6	  115.6	0.79	27FEB17
  530.2	  295.6	0.98	FT1705873345
  530.2	  523.8	0.91	SERVICE CHARGES 27FEB17
  532.0	  743.5	0.98	0.06
  527.2	 1071.6	0.86	179.62
  557.8	  454.5	0.95	FEDInc.Chgs
  586.0	  119.2	0.97	10MAR17
  585.4	  295.6	0.99	FT1706920904
  586.6	  526.2	0.94	SERVICECHARGES 10MAR17
  587.2	  743.5	0.95	0.40
  583.0	 1071.6	0.88	179.22
  614.8	  467.8	0.95	Incid.Cng022017
  643.0	  119.8	0.96	10MAR17
  643.0	  296.2	0.98	FT1706920064
  643.0	  526.8	0.98	SERVICECHARGES10MAR17
  643.6	  743.5	0.89	0.05
  640.6	 1071.6	0.95	179.14
  671.2	  455.1	0.91	FEDInc.Chgs
  697.0	  116.2	0.90	27AFR17
  698.2	  296.8	0.97	FT1711748020
  698.8	  525.0	0.97	SERVICECHARGE527APR17
  699.4	  742.3	0.86	0.40
  696.4	 1070.4	0.92	176.74
  726.4	  468.4	0.92	incid.Chg032017
  753.9	  118.0	0.98	27APR17
  754.5	  296.8	0.98	FT1711734781
  753.3	  525.0	0.93	SERVICE CHARGES 27 APR17
  755.1	  742.3	0.77	0.00
  753.9	 1071.0	0.91	178.65
  781.5	  455.1	0.88	FEDInG,Chgs
  809.7	  119.2	0.97	11MAY17
  809.7	  297.4	0.99	FT1713159703
  809.7	  526.8	0.95	SERVICECHARGES11MAY17
  810.3	  742.9	0.92	0.00
  809.1	 1070.4	0.85	178.58
  837.3	  455.1	0.94	FEDInc.Chgs
  865.5	  119.8	0.99	11MAY17
  864.3	  297.4	0.97	FT1713163908
  864.9	  526.2	0.97	SERVICECHARGES 11MAY17
  865.5	  742.9	0.95	0.40
  864.9	 1070.4	0.86	176.18
  891.3	  466.6	0.90	Incid.Chg042017
  921.9	  118.0	0.54	Nroc
  921.3	  298.0	0.97	FT1718107640
  921.3	  523.8	0.96	SERVICECHARGES JOJUN17
  921.3	  742.3	0.85	0.40
  920.7	 1070.4	0.97	177.78
  948.3	  467.2	0.92	incid.Chg052017
  978.3	  118.0	0.90	30JUN17
  976.5	  298.0	1.00	FT1718120925
  975.9	  523.2	0.94	SERVICE CHARGES 30 JUN17
  976.5	  742.3	0.94	0.08
  976.5	 1070.4	0.98	177.70
 1003.5	  453.9	0.95	FEDInc.Chgs
 1034.7	  119.2	0.94	03OCT19
 1032.9	  298.6	0.99	TT19276H0740
 1031.7	  466.0	0.90	CashWithdrawal
 1032.3	  605.0	0.90	03OCT19
 1032.3	  752.5	0.99	100.00
 1031.1	 1065.6	0.97	77.70
 1060.4	  474.4	0.94	Choque:12004777
 1088.6	  477.4	0.85	Branch:Pic0010047
 1118.6	  120.4	0.91	03OCT19
 1116.8	  300.4	0.82	TT192760C9ED
 1116.8	  453.3	0.85	CashDeposlt
 1116.8	  605.6	0.85	030CT19
 1115.6	  911.5	0.99	100.00
 1115.6	 1070.4	0.89	177.79
 1147.4	  120.4	0.87	07OCT19
 1145.6	  301.0	0.92	FT10200FTQ5V
 1144.4	  525.0	0.74	ItrBanch Setme 07 OCT19
 1143.8	  922.3	0.94	10,970.00
 1143.8	 1081.2	0.95	20,147.70
 1164.8	  414.8	0.74	nt
 1191.2	  423.8	0.97	IFTT
 1220.0	  423.8	0.77	IFTT
 1247.6	  477.4	0.89	Branch:PK0010047
 1278.2	  121.0	0.88	COCT19
 1275.2	  304.0	0.89	FT192810WLOG
 1275.2	  524.4	0.75	IntrBrachSetmOOCT19
 1274.6	  922.9	0.86	10.970.00
 1274.6	 1083.6	0.87	40,117.70
 1296.2	  414.8	0.60	nt
 1323.2	  430.4	0.95	IWFTT
 1351.3	  430.4	0.97	WFTT
 1379.5	  477.4	0.86	Branch:PKD010047
 1410.1	  121.0	0.69	6:1501
 1408.3	  299.2	0.88	FT1S2046VZ1K
 1407.1	  524.4	0.74	InterBranch Setme 11 OCT 19
 1407.1	  925.9	0.93	17,430.00
 1407.7	 1085.4	0.94	57,547.70
 1428.1	  413.6	0.56	mt
 1454.5	  430.4	0.85	IWFTT
 1483.3	  431.0	0.87	IWFTT
 1511.5	  477.4	0.85	Dranch:PH0010047
 1540.9	  121.6	0.74	28OCT15
 1540.3	  525.6	0.88	SERVICECHARGES2OCT10
 1539.7	  743.5	0.93	0.27
 1540.3	 1086.6	0.83	7,547.43
 1569.1	  467.2	0.88	incid.Chg002010
 1597.3	  121.6	0.67	28OCTS9
 1597.3	  525.6	0.89	SERVICECHARGES 2SOCT19
 1597.3	  742.9	0.92	0.05
 1597.9	 1087.9	0.85	57,547.35
 1624.9	  453.9	0.81	FEDIicChgs
 1653.0	  122.8	0.80	0GNOV10
 1651.8	  301.6	0.94	FT10310VC300
 1651.8	  464.8	0.77	Accnt Transfer
 1651.2	  606.2	0.91	ONOV10
 1652.4	  762.2	0.90	57,500.00
 1654.2	 1072.8	0.81	47.36
 1680.6	  457.5	0.73	CONVNPKR
 1708.8	  458.1	0.70	COH INPKH
 1765.2	  120.4	0.59	OCNYrOC
 1764.0	  301.6	0.86	FT20030LRPN1
 1763.4	  524.4	0.91	GERVCE CHARGES SOJAN20
 1765.2	  744.1	0.81	021
 1763.4	 1073.4	0.83	47.11
 1791.0	  466.0	0.87	hcd.Chg122019
 1821.6	  121.0	0.94	30JAN20
 1819.2	  305.8	0.81	FT20030WP8YH
 1819.8	  524.4	0.93	SERVICECHARGES 30JAN20
 1819.8	 1073.4	0.88	47.00
 1848.6	  454.5	0.83	FEDInc.Chgs
 1876.2	  525.0	0.88	SEVICECHARGES 2FED20
 1875.6	  744.1	0.53	Lco
 1875.0	 1073.4	0.80	40,70
 1905.0	  468.4	0.89	incid.Chg012020
 1933.2	  301.6	0.88	FT20060FG12H
 1932.6	  525.6	0.94	SERVICECHARGES 29FEB20
 1930.2	  744.7	0.89	0.05
 1929.0	 1074.6	0.95	46.74
 1965.8	 1173.0	0.59	Page3cfs
 2132.3	  108.4	0.82	nedwithCamScannt
